张三 U202414888 83 93 96 82 99 78 94 85
李四 U202414999 76 83 85 80 88 89 81 90
王五 U202414666 73 88 74 75 88 93 88 85
刘六 U202414555 80 82 83 85 90 91 83 86
赵阳 U202413256 85 92 88 79 95 83 89 87
林溪 U202417891 78 81 86 90 75 89 93 84 
陈昊 U202415623 91 88 94 85 90 87 92 89 
张萌 U202414937 76 82 79 85 88 77 83 86 
王硕 U202416824 93 96 89 91 88 94 90 92 
李娜 U202412578 80 84 77 89 82 85 78 86 
刘畅 U202418935 87 90 85 93 88 91 86 92 
郑琪 U202413689 77 81 83 79 85 82 78 86 
吴杰 U202415274 92 89 95 90 88 93 91 87 
孙悦 U202417356 83 86 79 88 81 85 82 87
周瑾 U202419327 82 90 87 85 93 78 89 86 
马涛 U202416584 79 84 88 91 77 85 83 90 
徐妍 U202414295 92 86 90 88 94 85 89 91 
高睿 U202418736 77 81 83 79 86 82 80 88 
韩璐 U202415942 94 91 89 95 87 92 88 93 
朱凯 U202413865 80 85 78 86 83 81 87 84
沈玥 U202417258 88 90 85 92 86 89 91 87
郭峰 U202412693 76 82 79 85 81 83 78 87
田甜 U202416387 93 88 90 94 89 91 87 92
冯哲 U202414759 84 81 88 83 86 89 82 87 

gcc -m32 main.c computeaverage1.s -o test1
gcc -m32 main.c computeaverage2.s -o test2